[7 3 1 6 7 1 7 6 5 3 1 3 3]
c= 5000940
new record! 5000940
[3 1 6 7 1 7 6 5 3 1 3 3 0]
c= 0
[1 6 7 1 7 6 5 3 1 3 3 0 6]
c= 0
[6 7 1 7 6 5 3 1 3 3 0 6 2]
c= 0
[7 1 7 6 5 3 1 3 3 0 6 2 4]
c= 0
[1 7 6 5 3 1 3 3 0 6 2 4 9]
c= 0
[7 6 5 3 1 3 3 0 6 2 4 9 1]
c= 0
[6 5 3 1 3 3 0 6 2 4 9 1 9]
c= 0
[5 3 1 3 3 0 6 2 4 9 1 9 2]
c= 0
[3 1 3 3 0 6 2 4 9 1 9 2 2]
c= 0
[1 3 3 0 6 2 4 9 1 9 2 2 5]
c= 0
[3 3 0 6 2 4 9 1 9 2 2 5 1]
c= 0
[3 0 6 2 4 9 1 9 2 2 5 1 1]
c= 0
[0 6 2 4 9 1 9 2 2 5 1 1 9]
c= 0
[6 2 4 9 1 9 2 2 5 1 1 9 6]
c= 4199040
[2 4 9 1 9 2 2 5 1 1 9 6 7]
c= 4898880
[4 9 1 9 2 2 5 1 1 9 6 7 4]
c= 9797760
new record! 9797760
[9 1 9 2 2 5 1 1 9 6 7 4 4]
c= 9797760
[1 9 2 2 5 1 1 9 6 7 4 4 2]
c= 2177280
[9 2 2 5 1 1 9 6 7 4 4 2 6]
c= 13063680
new record! 13063680
[2 2 5 1 1 9 6 7 4 4 2 6 5]
c= 7257600
[2 5 1 1 9 6 7 4 4 2 6 5 7]
c= 25401600
new record! 25401600
[5 1 1 9 6 7 4 4 2 6 5 7 4]
c= 50803200
new record! 50803200
[1 1 9 6 7 4 4 2 6 5 7 4 7]
c= 71124480
new record! 71124480
[1 9 6 7 4 4 2 6 5 7 4 7 4]
c= 284497920
new record! 284497920
[9 6 7 4 4 2 6 5 7 4 7 4 2]
c= 568995840
new record! 568995840
[6 7 4 4 2 6 5 7 4 7 4 2 3]
c= 189665280
[7 4 4 2 6 5 7 4 7 4 2 3 5]
c= 158054400
[4 4 2 6 5 7 4 7 4 2 3 5 5]
c= 112896000
[4 2 6 5 7 4 7 4 2 3 5 5 3]
c= 84672000
[2 6 5 7 4 7 4 2 3 5 5 3 4]
c= 84672000
[6 5 7 4 7 4 2 3 5 5 3 4 9]
c= 381024000
[5 7 4 7 4 2 3 5 5 3 4 9 1]
c= 63504000
[7 4 7 4 2 3 5 5 3 4 9 1 9]
c= 114307200
[4 7 4 2 3 5 5 3 4 9 1 9 4]
c= 65318400
[7 4 2 3 5 5 3 4 9 1 9 4 9]
c= 146966400
[4 2 3 5 5 3 4 9 1 9 4 9 3]
c= 62985600
[2 3 5 5 3 4 9 1 9 4 9 3 4]
c= 62985600
[3 5 5 3 4 9 1 9 4 9 3 4 9]
c= 283435200
[5 5 3 4 9 1 9 4 9 3 4 9 6]
c= 566870400
[5 3 4 9 1 9 4 9 3 4 9 6 9]
c= 1020366720
new record! 1020366720
[3 4 9 1 9 4 9 3 4 9 6 9 8]
c= 1632586752
new record! 1632586752
[4 9 1 9 4 9 3 4 9 6 9 8 3]
c= 1632586752
[9 1 9 4 9 3 4 9 6 9 8 3 5]
c= 2040733440
new record! 2040733440
[1 9 4 9 3 4 9 6 9 8 3 5 2]
c= 453496320
[9 4 9 3 4 9 6 9 8 3 5 2 0]
c= 0
[4 9 3 4 9 6 9 8 3 5 2 0 3]
c= 0
[9 3 4 9 6 9 8 3 5 2 0 3 1]
c= 0
[3 4 9 6 9 8 3 5 2 0 3 1 2]
c= 0
[4 9 6 9 8 3 5 2 0 3 1 2 7]
c= 0
[9 6 9 8 3 5 2 0 3 1 2 7 7]
c= 0
[6 9 8 3 5 2 0 3 1 2 7 7 4]
c= 0
[9 8 3 5 2 0 3 1 2 7 7 4 5]
c= 0
[8 3 5 2 0 3 1 2 7 7 4 5 0]
c= 0
[3 5 2 0 3 1 2 7 7 4 5 0 6]
c= 0
[5 2 0 3 1 2 7 7 4 5 0 6 3]
c= 0
[2 0 3 1 2 7 7 4 5 0 6 3 2]
c= 0
[0 3 1 2 7 7 4 5 0 6 3 2 6]
c= 0
[3 1 2 7 7 4 5 0 6 3 2 6 2]
c= 0
[1 2 7 7 4 5 0 6 3 2 6 2 3]
c= 0
[2 7 7 4 5 0 6 3 2 6 2 3 9]
c= 0
[7 7 4 5 0 6 3 2 6 2 3 9 5]
c= 0
[7 4 5 0 6 3 2 6 2 3 9 5 7]
c= 0
[4 5 0 6 3 2 6 2 3 9 5 7 8]
c= 0
[5 0 6 3 2 6 2 3 9 5 7 8 3]
c= 0
[0 6 3 2 6 2 3 9 5 7 8 3 1]
c= 0
[6 3 2 6 2 3 9 5 7 8 3 1 8]
c= 78382080
[3 2 6 2 3 9 5 7 8 3 1 8 0]
c= 0
[2 6 2 3 9 5 7 8 3 1 8 0 1]
c= 0
[6 2 3 9 5 7 8 3 1 8 0 1 6]
c= 0
[2 3 9 5 7 8 3 1 8 0 1 6 9]
c= 0
[3 9 5 7 8 3 1 8 0 1 6 9 8]
c= 0
[9 5 7 8 3 1 8 0 1 6 9 8 4]
c= 0
[5 7 8 3 1 8 0 1 6 9 8 4 8]
c= 0
[7 8 3 1 8 0 1 6 9 8 4 8 0]
c= 0
[8 3 1 8 0 1 6 9 8 4 8 0 1]
c= 0
[3 1 8 0 1 6 9 8 4 8 0 1 8]
c= 0
[1 8 0 1 6 9 8 4 8 0 1 8 6]
c= 0
[8 0 1 6 9 8 4 8 0 1 8 6 9]
c= 0
[0 1 6 9 8 4 8 0 1 8 6 9 4]
c= 0
[1 6 9 8 4 8 0 1 8 6 9 4 7]
c= 0
[6 9 8 4 8 0 1 8 6 9 4 7 8]
c= 0
[9 8 4 8 0 1 8 6 9 4 7 8 8]
c= 0
[8 4 8 0 1 8 6 9 4 7 8 8 5]
c= 0
[4 8 0 1 8 6 9 4 7 8 8 5 1]
c= 0
[8 0 1 8 6 9 4 7 8 8 5 1 8]
c= 0
[0 1 8 6 9 4 7 8 8 5 1 8 4]
c= 0
[1 8 6 9 4 7 8 8 5 1 8 4 3]
c= 371589120
[8 6 9 4 7 8 8 5 1 8 4 3 8]
c= -1322254336
[6 9 4 7 8 8 5 1 8 4 3 8 5]
c= 1857945600
[9 4 7 8 8 5 1 8 4 3 8 5 8]
c= -1817706496
[4 7 8 8 5 1 8 4 3 8 5 8 6]
c= 1651507200
[7 8 8 5 1 8 4 3 8 5 8 6 1]
c= 412876800
[8 8 5 1 8 4 3 8 5 8 6 1 5]
c= 294912000
[8 5 1 8 4 3 8 5 8 6 1 5 6]
c= 221184000
[5 1 8 4 3 8 5 8 6 1 5 6 0]
c= 0
[1 8 4 3 8 5 8 6 1 5 6 0 7]
c= 0
[8 4 3 8 5 8 6 1 5 6 0 7 8]
c= 0
[4 3 8 5 8 6 1 5 6 0 7 8 9]
c= 0
[3 8 5 8 6 1 5 6 0 7 8 9 1]
c= 0
[8 5 8 6 1 5 6 0 7 8 9 1 1]
c= 0
[5 8 6 1 5 6 0 7 8 9 1 1 2]
c= 0
[8 6 1 5 6 0 7 8 9 1 1 2 9]
c= 0
[6 1 5 6 0 7 8 9 1 1 2 9 4]
c= 0
[1 5 6 0 7 8 9 1 1 2 9 4 9]
c= 0
[5 6 0 7 8 9 1 1 2 9 4 9 4]
c= 0
[6 0 7 8 9 1 1 2 9 4 9 4 9]
c= 0
[0 7 8 9 1 1 2 9 4 9 4 9 5]
c= 0
[7 8 9 1 1 2 9 4 9 4 9 5 4]
c= 235146240
[8 9 1 1 2 9 4 9 4 9 5 4 5]
c= 167961600
[9 1 1 2 9 4 9 4 9 5 4 5 9]
c= 188956800
[1 1 2 9 4 9 4 9 5 4 5 9 5]
c= 104976000
[1 2 9 4 9 4 9 5 4 5 9 5 0]
c= 0
[2 9 4 9 4 9 5 4 5 9 5 0 1]
c= 0
[9 4 9 4 9 5 4 5 9 5 0 1 7]
c= 0
[4 9 4 9 5 4 5 9 5 0 1 7 3]
c= 0
[9 4 9 5 4 5 9 5 0 1 7 3 7]
c= 0
[4 9 5 4 5 9 5 0 1 7 3 7 9]
c= 0
[9 5 4 5 9 5 0 1 7 3 7 9 5]
c= 0
[5 4 5 9 5 0 1 7 3 7 9 5 8]
c= 0
[4 5 9 5 0 1 7 3 7 9 5 8 3]
c= 0
[5 9 5 0 1 7 3 7 9 5 8 3 3]
c= 0
[9 5 0 1 7 3 7 9 5 8 3 3 1]
c= 0
[5 0 1 7 3 7 9 5 8 3 3 1 9]
c= 0
[0 1 7 3 7 9 5 8 3 3 1 9 5]
c= 0
[1 7 3 7 9 5 8 3 3 1 9 5 2]
c= 42865200
[7 3 7 9 5 8 3 3 1 9 5 2 8]
c= 342921600
[3 7 9 5 8 3 3 1 9 5 2 8 5]
c= 244944000
[7 9 5 8 3 3 1 9 5 2 8 5 3]
c= 244944000
[9 5 8 3 3 1 9 5 2 8 5 3 2]
c= 69984000
[5 8 3 3 1 9 5 2 8 5 3 2 0]
c= 0
[8 3 3 1 9 5 2 8 5 3 2 0 8]
c= 0
[3 3 1 9 5 2 8 5 3 2 0 8 8]
c= 0
[3 1 9 5 2 8 5 3 2 0 8 8 0]
c= 0
[1 9 5 2 8 5 3 2 0 8 8 0 5]
c= 0
[9 5 2 8 5 3 2 0 8 8 0 5 5]
c= 0
[5 2 8 5 3 2 0 8 8 0 5 5 1]
c= 0
[2 8 5 3 2 0 8 8 0 5 5 1 1]
c= 0
[8 5 3 2 0 8 8 0 5 5 1 1 1]
c= 0
[5 3 2 0 8 8 0 5 5 1 1 1 2]
c= 0
[3 2 0 8 8 0 5 5 1 1 1 2 5]
c= 0
[2 0 8 8 0 5 5 1 1 1 2 5 4]
c= 0
[0 8 8 0 5 5 1 1 1 2 5 4 0]
c= 0
[8 8 0 5 5 1 1 1 2 5 4 0 6]
c= 0
[8 0 5 5 1 1 1 2 5 4 0 6 9]
c= 0
[0 5 5 1 1 1 2 5 4 0 6 9 8]
c= 0
[5 5 1 1 1 2 5 4 0 6 9 8 7]
c= 0
[5 1 1 1 2 5 4 0 6 9 8 7 4]
c= 0
[1 1 1 2 5 4 0 6 9 8 7 4 7]
c= 0
[1 1 2 5 4 0 6 9 8 7 4 7 1]
c= 0
[1 2 5 4 0 6 9 8 7 4 7 1 5]
c= 0
[2 5 4 0 6 9 8 7 4 7 1 5 8]
c= 0
[5 4 0 6 9 8 7 4 7 1 5 8 5]
c= 0
[4 0 6 9 8 7 4 7 1 5 8 5 2]
c= 0
[0 6 9 8 7 4 7 1 5 8 5 2 3]
c= 0
[6 9 8 7 4 7 1 5 8 5 2 3 8]
c= 812851200
[9 8 7 4 7 1 5 8 5 2 3 8 6]
c= 812851200
[8 7 4 7 1 5 8 5 2 3 8 6 3]
c= 270950400
[7 4 7 1 5 8 5 2 3 8 6 3 0]
c= 0
[4 7 1 5 8 5 2 3 8 6 3 0 5]
c= 0
[7 1 5 8 5 2 3 8 6 3 0 5 0]
c= 0
[1 5 8 5 2 3 8 6 3 0 5 0 7]
c= 0
[5 8 5 2 3 8 6 3 0 5 0 7 1]
c= 0
[8 5 2 3 8 6 3 0 5 0 7 1 5]
c= 0
[5 2 3 8 6 3 0 5 0 7 1 5 6]
c= 0
[2 3 8 6 3 0 5 0 7 1 5 6 9]
c= 0
[3 8 6 3 0 5 0 7 1 5 6 9 3]
c= 0
[8 6 3 0 5 0 7 1 5 6 9 3 2]
c= 0
[6 3 0 5 0 7 1 5 6 9 3 2 9]
c= 0
[3 0 5 0 7 1 5 6 9 3 2 9 0]
c= 0
[0 5 0 7 1 5 6 9 3 2 9 0 9]
c= 0
[5 0 7 1 5 6 9 3 2 9 0 9 6]
c= 0
[0 7 1 5 6 9 3 2 9 0 9 6 3]
c= 0
[7 1 5 6 9 3 2 9 0 9 6 3 2]
c= 0
[1 5 6 9 3 2 9 0 9 6 3 2 9]
c= 0
[5 6 9 3 2 9 0 9 6 3 2 9 5]
c= 0
[6 9 3 2 9 0 9 6 3 2 9 5 2]
c= 0
[9 3 2 9 0 9 6 3 2 9 5 2 2]
c= 0
[3 2 9 0 9 6 3 2 9 5 2 2 7]
c= 0
[2 9 0 9 6 3 2 9 5 2 2 7 4]
c= 0
[9 0 9 6 3 2 9 5 2 2 7 4 4]
c= 0
[0 9 6 3 2 9 5 2 2 7 4 4 3]
c= 0
[9 6 3 2 9 5 2 2 7 4 4 3 0]
c= 0
[6 3 2 9 5 2 2 7 4 4 3 0 4]
c= 0
[3 2 9 5 2 2 7 4 4 3 0 4 3]
c= 0
[2 9 5 2 2 7 4 4 3 0 4 3 5]
c= 0
[9 5 2 2 7 4 4 3 0 4 3 5 5]
c= 0
[5 2 2 7 4 4 3 0 4 3 5 5 7]
c= 0
[2 2 7 4 4 3 0 4 3 5 5 7 6]
c= 0
[2 7 4 4 3 0 4 3 5 5 7 6 6]
c= 0
[7 4 4 3 0 4 3 5 5 7 6 6 8]
c= 0
[4 4 3 0 4 3 5 5 7 6 6 8 9]
c= 0
[4 3 0 4 3 5 5 7 6 6 8 9 6]
c= 0
[3 0 4 3 5 5 7 6 6 8 9 6 6]
c= 0
[0 4 3 5 5 7 6 6 8 9 6 6 4]
c= 0
[4 3 5 5 7 6 6 8 9 6 6 4 8]
c= 1975599104
[3 5 5 7 6 6 8 9 6 6 4 8 9]
c= 1223872512
[5 5 7 6 6 8 9 6 6 4 8 9 5]
c= 2039787520
[5 7 6 6 8 9 6 6 4 8 9 5 0]
c= 0
[7 6 6 8 9 6 6 4 8 9 5 0 4]
c= 0
[6 6 8 9 6 6 4 8 9 5 0 4 4]
c= 0
[6 8 9 6 6 4 8 9 5 0 4 4 5]
c= 0
[8 9 6 6 4 8 9 5 0 4 4 5 2]
c= 0
[9 6 6 4 8 9 5 0 4 4 5 2 4]
c= 0
[6 6 4 8 9 5 0 4 4 5 2 4 4]
c= 0
[6 4 8 9 5 0 4 4 5 2 4 4 5]
c= 0
[4 8 9 5 0 4 4 5 2 4 4 5 2]
c= 0
[8 9 5 0 4 4 5 2 4 4 5 2 3]
c= 0
[9 5 0 4 4 5 2 4 4 5 2 3 1]
c= 0
[5 0 4 4 5 2 4 4 5 2 3 1 6]
c= 0
[0 4 4 5 2 4 4 5 2 3 1 6 1]
c= 0
[4 4 5 2 4 4 5 2 3 1 6 1 7]
c= 3225600
[4 5 2 4 4 5 2 3 1 6 1 7 3]
c= 2419200
[5 2 4 4 5 2 3 1 6 1 7 3 1]
c= 604800
[2 4 4 5 2 3 1 6 1 7 3 1 8]
c= 967680
[4 4 5 2 3 1 6 1 7 3 1 8 5]
c= 2419200
[4 5 2 3 1 6 1 7 3 1 8 5 6]
c= 3628800
[5 2 3 1 6 1 7 3 1 8 5 6 4]
c= 3628800
[2 3 1 6 1 7 3 1 8 5 6 4 0]
c= 0
[3 1 6 1 7 3 1 8 5 6 4 0 3]
c= 0
[1 6 1 7 3 1 8 5 6 4 0 3 0]
c= 0
[6 1 7 3 1 8 5 6 4 0 3 0 9]
c= 0
[1 7 3 1 8 5 6 4 0 3 0 9 8]
c= 0
[7 3 1 8 5 6 4 0 3 0 9 8 7]
c= 0
[3 1 8 5 6 4 0 3 0 9 8 7 1]
c= 0
[1 8 5 6 4 0 3 0 9 8 7 1 1]
c= 0
[8 5 6 4 0 3 0 9 8 7 1 1 1]
c= 0
[5 6 4 0 3 0 9 8 7 1 1 1 2]
c= 0
[6 4 0 3 0 9 8 7 1 1 1 2 1]
c= 0
[4 0 3 0 9 8 7 1 1 1 2 1 7]
c= 0
[0 3 0 9 8 7 1 1 1 2 1 7 2]
c= 0
[3 0 9 8 7 1 1 1 2 1 7 2 2]
c= 0
[0 9 8 7 1 1 1 2 1 7 2 2 3]
c= 0
[9 8 7 1 1 1 2 1 7 2 2 3 8]
c= 677376
[8 7 1 1 1 2 1 7 2 2 3 8 3]
c= 225792
[7 1 1 1 2 1 7 2 2 3 8 3 1]
c= 28224
[1 1 1 2 1 7 2 2 3 8 3 1 1]
c= 4032
[1 1 2 1 7 2 2 3 8 3 1 1 3]
c= 12096
[1 2 1 7 2 2 3 8 3 1 1 3 6]
c= 72576
[2 1 7 2 2 3 8 3 1 1 3 6 2]
c= 145152
[1 7 2 2 3 8 3 1 1 3 6 2 2]
c= 145152
[7 2 2 3 8 3 1 1 3 6 2 2 2]
c= 290304
[2 2 3 8 3 1 1 3 6 2 2 2 9]
c= 373248
[2 3 8 3 1 1 3 6 2 2 2 9 8]
c= 1492992
[3 8 3 1 1 3 6 2 2 2 9 8 9]
c= 6718464
[8 3 1 1 3 6 2 2 2 9 8 9 3]
c= 6718464
[3 1 1 3 6 2 2 2 9 8 9 3 4]
c= 3359232
[1 1 3 6 2 2 2 9 8 9 3 4 2]
c= 2239488
[1 3 6 2 2 2 9 8 9 3 4 2 3]
c= 6718464
[3 6 2 2 2 9 8 9 3 4 2 3 3]
c= 20155392
[6 2 2 2 9 8 9 3 4 2 3 3 8]
c= 53747712
[2 2 2 9 8 9 3 4 2 3 3 8 0]
c= 0
[2 2 9 8 9 3 4 2 3 3 8 0 3]
c= 0
[2 9 8 9 3 4 2 3 3 8 0 3 0]
c= 0
[9 8 9 3 4 2 3 3 8 0 3 0 8]
c= 0
[8 9 3 4 2 3 3 8 0 3 0 8 1]
c= 0
[9 3 4 2 3 3 8 0 3 0 8 1 3]
c= 0
[3 4 2 3 3 8 0 3 0 8 1 3 5]
c= 0
[4 2 3 3 8 0 3 0 8 1 3 5 3]
c= 0
[2 3 3 8 0 3 0 8 1 3 5 3 3]
c= 0
[3 3 8 0 3 0 8 1 3 5 3 3 6]
c= 0
[3 8 0 3 0 8 1 3 5 3 3 6 2]
c= 0
[8 0 3 0 8 1 3 5 3 3 6 2 7]
c= 0
[0 3 0 8 1 3 5 3 3 6 2 7 6]
c= 0
[3 0 8 1 3 5 3 3 6 2 7 6 6]
c= 0
[0 8 1 3 5 3 3 6 2 7 6 6 1]
c= 0
[8 1 3 5 3 3 6 2 7 6 6 1 4]
c= 13063680
[1 3 5 3 3 6 2 7 6 6 1 4 2]
c= 3265920
[3 5 3 3 6 2 7 6 6 1 4 2 8]
c= 26127360
[5 3 3 6 2 7 6 6 1 4 2 8 2]
c= 17418240
[3 3 6 2 7 6 6 1 4 2 8 2 8]
c= 27869184
[3 6 2 7 6 6 1 4 2 8 2 8 0]
c= 0
[6 2 7 6 6 1 4 2 8 2 8 0 6]
c= 0
[2 7 6 6 1 4 2 8 2 8 0 6 4]
c= 0
[7 6 6 1 4 2 8 2 8 0 6 4 4]
c= 0
[6 6 1 4 2 8 2 8 0 6 4 4 4]
c= 0
[6 1 4 2 8 2 8 0 6 4 4 4 4]
c= 0
[1 4 2 8 2 8 0 6 4 4 4 4 8]
c= 0
[4 2 8 2 8 0 6 4 4 4 4 8 6]
c= 0
[2 8 2 8 0 6 4 4 4 4 8 6 6]
c= 0
[8 2 8 0 6 4 4 4 4 8 6 6 4]
c= 0
[2 8 0 6 4 4 4 4 8 6 6 4 5]
c= 0
[8 0 6 4 4 4 4 8 6 6 4 5 2]
c= 0
[0 6 4 4 4 4 8 6 6 4 5 2 3]
c= 0
[6 4 4 4 4 8 6 6 4 5 2 3 8]
c= 424673280
[4 4 4 4 8 6 6 4 5 2 3 8 7]
c= 495452160
[4 4 4 8 6 6 4 5 2 3 8 7 4]
c= 495452160
[4 4 8 6 6 4 5 2 3 8 7 4 9]
c= 1114767360
[4 8 6 6 4 5 2 3 8 7 4 9 3]
c= 836075520
[8 6 6 4 5 2 3 8 7 4 9 3 0]
c= 0
[6 6 4 5 2 3 8 7 4 9 3 0 3]
c= 0
[6 4 5 2 3 8 7 4 9 3 0 3 5]
c= 0
[4 5 2 3 8 7 4 9 3 0 3 5 8]
c= 0
[5 2 3 8 7 4 9 3 0 3 5 8 9]
c= 0
[2 3 8 7 4 9 3 0 3 5 8 9 0]
c= 0
[3 8 7 4 9 3 0 3 5 8 9 0 7]
c= 0
[8 7 4 9 3 0 3 5 8 9 0 7 2]
c= 0
[7 4 9 3 0 3 5 8 9 0 7 2 9]
c= 0
[4 9 3 0 3 5 8 9 0 7 2 9 6]
c= 0
[9 3 0 3 5 8 9 0 7 2 9 6 2]
c= 0
[3 0 3 5 8 9 0 7 2 9 6 2 9]
c= 0
[0 3 5 8 9 0 7 2 9 6 2 9 0]
c= 0
[3 5 8 9 0 7 2 9 6 2 9 0 4]
c= 0
[5 8 9 0 7 2 9 6 2 9 0 4 9]
c= 0
[8 9 0 7 2 9 6 2 9 0 4 9 1]
c= 0
[9 0 7 2 9 6 2 9 0 4 9 1 5]
c= 0
[0 7 2 9 6 2 9 0 4 9 1 5 6]
c= 0
[7 2 9 6 2 9 0 4 9 1 5 6 0]
c= 0
[2 9 6 2 9 0 4 9 1 5 6 0 4]
c= 0
[9 6 2 9 0 4 9 1 5 6 0 4 4]
c= 0
[6 2 9 0 4 9 1 5 6 0 4 4 0]
c= 0
[2 9 0 4 9 1 5 6 0 4 4 0 7]
c= 0
[9 0 4 9 1 5 6 0 4 4 0 7 7]
c= 0
[0 4 9 1 5 6 0 4 4 0 7 7 2]
c= 0
[4 9 1 5 6 0 4 4 0 7 7 2 3]
c= 0
[9 1 5 6 0 4 4 0 7 7 2 3 9]
c= 0
[1 5 6 0 4 4 0 7 7 2 3 9 0]
c= 0
[5 6 0 4 4 0 7 7 2 3 9 0 7]
c= 0
[6 0 4 4 0 7 7 2 3 9 0 7 1]
c= 0
[0 4 4 0 7 7 2 3 9 0 7 1 3]
c= 0
[4 4 0 7 7 2 3 9 0 7 1 3 8]
c= 0
[4 0 7 7 2 3 9 0 7 1 3 8 1]
c= 0
[0 7 7 2 3 9 0 7 1 3 8 1 0]
c= 0
[7 7 2 3 9 0 7 1 3 8 1 0 5]
c= 0
[7 2 3 9 0 7 1 3 8 1 0 5 1]
c= 0
[2 3 9 0 7 1 3 8 1 0 5 1 5]
c= 0
[3 9 0 7 1 3 8 1 0 5 1 5 8]
c= 0
[9 0 7 1 3 8 1 0 5 1 5 8 5]
c= 0
[0 7 1 3 8 1 0 5 1 5 8 5 9]
c= 0
[7 1 3 8 1 0 5 1 5 8 5 9 3]
c= 0
[1 3 8 1 0 5 1 5 8 5 9 3 0]
c= 0
[3 8 1 0 5 1 5 8 5 9 3 0 7]
c= 0
[8 1 0 5 1 5 8 5 9 3 0 7 9]
c= 0
[1 0 5 1 5 8 5 9 3 0 7 9 6]
c= 0
[0 5 1 5 8 5 9 3 0 7 9 6 0]
c= 0
[5 1 5 8 5 9 3 0 7 9 6 0 8]
c= 0
[1 5 8 5 9 3 0 7 9 6 0 8 6]
c= 0
[5 8 5 9 3 0 7 9 6 0 8 6 6]
c= 0
[8 5 9 3 0 7 9 6 0 8 6 6 7]
c= 0
[5 9 3 0 7 9 6 0 8 6 6 7 0]
c= 0
[9 3 0 7 9 6 0 8 6 6 7 0 1]
c= 0
[3 0 7 9 6 0 8 6 6 7 0 1 7]
c= 0
[0 7 9 6 0 8 6 6 7 0 1 7 2]
c= 0
[7 9 6 0 8 6 6 7 0 1 7 2 4]
c= 0
[9 6 0 8 6 6 7 0 1 7 2 4 2]
c= 0
[6 0 8 6 6 7 0 1 7 2 4 2 7]
c= 0
[0 8 6 6 7 0 1 7 2 4 2 7 1]
c= 0
[8 6 6 7 0 1 7 2 4 2 7 1 2]
c= 0
[6 6 7 0 1 7 2 4 2 7 1 2 1]
c= 0
[6 7 0 1 7 2 4 2 7 1 2 1 8]
c= 0
[7 0 1 7 2 4 2 7 1 2 1 8 8]
c= 0
[0 1 7 2 4 2 7 1 2 1 8 8 3]
c= 0
[1 7 2 4 2 7 1 2 1 8 8 3 9]
c= 2709504
[7 2 4 2 7 1 2 1 8 8 3 9 9]
c= 24385536
[2 4 2 7 1 2 1 8 8 3 9 9 8]
c= 27869184
[4 2 7 1 2 1 8 8 3 9 9 8 7]
c= 97542144
[2 7 1 2 1 8 8 3 9 9 8 7 9]
c= 219469824
[7 1 2 1 8 8 3 9 9 8 7 9 7]
c= 768144384
[1 2 1 8 8 3 9 9 8 7 9 7 9]
c= 987614208
[2 1 8 8 3 9 9 8 7 9 7 9 0]
c= 0
[1 8 8 3 9 9 8 7 9 7 9 0 8]
c= 0
[8 8 3 9 9 8 7 9 7 9 0 8 7]
c= 0
[8 3 9 9 8 7 9 7 9 0 8 7 9]
c= 0
[3 9 9 8 7 9 7 9 0 8 7 9 2]
c= 0
[9 9 8 7 9 7 9 0 8 7 9 2 2]
c= 0
[9 8 7 9 7 9 0 8 7 9 2 2 7]
c= 0
[8 7 9 7 9 0 8 7 9 2 2 7 4]
c= 0
[7 9 7 9 0 8 7 9 2 2 7 4 9]
c= 0
[9 7 9 0 8 7 9 2 2 7 4 9 2]
c= 0
[7 9 0 8 7 9 2 2 7 4 9 2 1]
c= 0
[9 0 8 7 9 2 2 7 4 9 2 1 9]
c= 0
[0 8 7 9 2 2 7 4 9 2 1 9 0]
c= 0
[8 7 9 2 2 7 4 9 2 1 9 0 1]
c= 0
[7 9 2 2 7 4 9 2 1 9 0 1 6]
c= 0
[9 2 2 7 4 9 2 1 9 0 1 6 9]
c= 0
[2 2 7 4 9 2 1 9 0 1 6 9 9]
c= 0
[2 7 4 9 2 1 9 0 1 6 9 9 7]
c= 0
[7 4 9 2 1 9 0 1 6 9 9 7 2]
c= 0
[4 9 2 1 9 0 1 6 9 9 7 2 0]
c= 0
[9 2 1 9 0 1 6 9 9 7 2 0 8]
c= 0
[2 1 9 0 1 6 9 9 7 2 0 8 8]
c= 0
[1 9 0 1 6 9 9 7 2 0 8 8 8]
c= 0
[9 0 1 6 9 9 7 2 0 8 8 8 0]
c= 0
[0 1 6 9 9 7 2 0 8 8 8 0 9]
c= 0
[1 6 9 9 7 2 0 8 8 8 0 9 3]
c= 0
[6 9 9 7 2 0 8 8 8 0 9 3 7]
c= 0
[9 9 7 2 0 8 8 8 0 9 3 7 7]
c= 0
[9 7 2 0 8 8 8 0 9 3 7 7 6]
c= 0
[7 2 0 8 8 8 0 9 3 7 7 6 6]
c= 0
[2 0 8 8 8 0 9 3 7 7 6 6 5]
c= 0
[0 8 8 8 0 9 3 7 7 6 6 5 7]
c= 0
[8 8 8 0 9 3 7 7 6 6 5 7 2]
c= 0
[8 8 0 9 3 7 7 6 6 5 7 2 7]
c= 0
[8 0 9 3 7 7 6 6 5 7 2 7 3]
c= 0
[0 9 3 7 7 6 6 5 7 2 7 3 3]
c= 0
[9 3 7 7 6 6 5 7 2 7 3 3 3]
c= 630118440
[3 7 7 6 6 5 7 2 7 3 3 3 0]
c= 0
[7 7 6 6 5 7 2 7 3 3 3 0 0]
c= 0
[7 6 6 5 7 2 7 3 3 3 0 0 1]
c= 0
[6 6 5 7 2 7 3 3 3 0 0 1 0]
c= 0
[6 5 7 2 7 3 3 3 0 0 1 0 5]
c= 0
[5 7 2 7 3 3 3 0 0 1 0 5 3]
c= 0
[7 2 7 3 3 3 0 0 1 0 5 3 3]
c= 0
[2 7 3 3 3 0 0 1 0 5 3 3 6]
c= 0
[7 3 3 3 0 0 1 0 5 3 3 6 7]
c= 0
[3 3 3 0 0 1 0 5 3 3 6 7 8]
c= 0
[3 3 0 0 1 0 5 3 3 6 7 8 8]
c= 0
[3 0 0 1 0 5 3 3 6 7 8 8 1]
c= 0
[0 0 1 0 5 3 3 6 7 8 8 1 2]
c= 0
[0 1 0 5 3 3 6 7 8 8 1 2 2]
c= 0
[1 0 5 3 3 6 7 8 8 1 2 2 0]
c= 0
[0 5 3 3 6 7 8 8 1 2 2 0 2]
c= 0
[5 3 3 6 7 8 8 1 2 2 0 2 3]
c= 0
[3 3 6 7 8 8 1 2 2 0 2 3 5]
c= 0
[3 6 7 8 8 1 2 2 0 2 3 5 4]
c= 0
[6 7 8 8 1 2 2 0 2 3 5 4 2]
c= 0
[7 8 8 1 2 2 0 2 3 5 4 2 1]
c= 0
[8 8 1 2 2 0 2 3 5 4 2 1 8]
c= 0
[8 1 2 2 0 2 3 5 4 2 1 8 0]
c= 0
[1 2 2 0 2 3 5 4 2 1 8 0 9]
c= 0
[2 2 0 2 3 5 4 2 1 8 0 9 7]
c= 0
[2 0 2 3 5 4 2 1 8 0 9 7 5]
c= 0
[0 2 3 5 4 2 1 8 0 9 7 5 1]
c= 0
[2 3 5 4 2 1 8 0 9 7 5 1 2]
c= 0
[3 5 4 2 1 8 0 9 7 5 1 2 5]
c= 0
[5 4 2 1 8 0 9 7 5 1 2 5 4]
c= 0
[4 2 1 8 0 9 7 5 1 2 5 4 5]
c= 0
[2 1 8 0 9 7 5 1 2 5 4 5 4]
c= 0
[1 8 0 9 7 5 1 2 5 4 5 4 0]
c= 0
[8 0 9 7 5 1 2 5 4 5 4 0 5]
c= 0
[0 9 7 5 1 2 5 4 5 4 0 5 9]
c= 0
[9 7 5 1 2 5 4 5 4 0 5 9 4]
c= 0
[7 5 1 2 5 4 5 4 0 5 9 4 7]
c= 0
[5 1 2 5 4 5 4 0 5 9 4 7 5]
c= 0
[1 2 5 4 5 4 0 5 9 4 7 5 2]
c= 0
[2 5 4 5 4 0 5 9 4 7 5 2 2]
c= 0
[5 4 5 4 0 5 9 4 7 5 2 2 4]
c= 0
[4 5 4 0 5 9 4 7 5 2 2 4 3]
c= 0
[5 4 0 5 9 4 7 5 2 2 4 3 5]
c= 0
[4 0 5 9 4 7 5 2 2 4 3 5 2]
c= 0
[0 5 9 4 7 5 2 2 4 3 5 2 5]
c= 0
[5 9 4 7 5 2 2 4 3 5 2 5 8]
c= 120960000
[9 4 7 5 2 2 4 3 5 2 5 8 4]
c= 96768000
[4 7 5 2 2 4 3 5 2 5 8 4 9]
c= 96768000
[7 5 2 2 4 3 5 2 5 8 4 9 0]
c= 0
[5 2 2 4 3 5 2 5 8 4 9 0 7]
c= 0
[2 2 4 3 5 2 5 8 4 9 0 7 7]
c= 0
[2 4 3 5 2 5 8 4 9 0 7 7 1]
c= 0
[4 3 5 2 5 8 4 9 0 7 7 1 1]
c= 0
[3 5 2 5 8 4 9 0 7 7 1 1 6]
c= 0
[5 2 5 8 4 9 0 7 7 1 1 6 7]
c= 0
[2 5 8 4 9 0 7 7 1 1 6 7 0]
c= 0
[5 8 4 9 0 7 7 1 1 6 7 0 5]
c= 0
[8 4 9 0 7 7 1 1 6 7 0 5 5]
c= 0
[4 9 0 7 7 1 1 6 7 0 5 5 6]
c= 0
[9 0 7 7 1 1 6 7 0 5 5 6 0]
c= 0
[0 7 7 1 1 6 7 0 5 5 6 0 1]
c= 0
[7 7 1 1 6 7 0 5 5 6 0 1 3]
c= 0
[7 1 1 6 7 0 5 5 6 0 1 3 6]
c= 0
[1 1 6 7 0 5 5 6 0 1 3 6 0]
c= 0
[1 6 7 0 5 5 6 0 1 3 6 0 4]
c= 0
[6 7 0 5 5 6 0 1 3 6 0 4 8]
c= 0
[7 0 5 5 6 0 1 3 6 0 4 8 3]
c= 0
[0 5 5 6 0 1 3 6 0 4 8 3 9]
c= 0
[5 5 6 0 1 3 6 0 4 8 3 9 5]
c= 0
[5 6 0 1 3 6 0 4 8 3 9 5 8]
c= 0
[6 0 1 3 6 0 4 8 3 9 5 8 6]
c= 0
[0 1 3 6 0 4 8 3 9 5 8 6 4]
c= 0
[1 3 6 0 4 8 3 9 5 8 6 4 4]
c= 0
[3 6 0 4 8 3 9 5 8 6 4 4 6]
c= 0
[6 0 4 8 3 9 5 8 6 4 4 6 7]
c= 0
[0 4 8 3 9 5 8 6 4 4 6 7 0]
c= 0
[4 8 3 9 5 8 6 4 4 6 7 0 6]
c= 0
[8 3 9 5 8 6 4 4 6 7 0 6 3]
c= 0
[3 9 5 8 6 4 4 6 7 0 6 3 2]
c= 0
[9 5 8 6 4 4 6 7 0 6 3 2 4]
c= 0
[5 8 6 4 4 6 7 0 6 3 2 4 4]
c= 0
[8 6 4 4 6 7 0 6 3 2 4 4 1]
c= 0
[6 4 4 6 7 0 6 3 2 4 4 1 5]
c= 0
[4 4 6 7 0 6 3 2 4 4 1 5 7]
c= 0
[4 6 7 0 6 3 2 4 4 1 5 7 2]
c= 0
[6 7 0 6 3 2 4 4 1 5 7 2 2]
c= 0
[7 0 6 3 2 4 4 1 5 7 2 2 1]
c= 0
[0 6 3 2 4 4 1 5 7 2 2 1 5]
c= 0
[6 3 2 4 4 1 5 7 2 2 1 5 5]
c= 2016000
[3 2 4 4 1 5 7 2 2 1 5 5 3]
c= 1008000
[2 4 4 1 5 7 2 2 1 5 5 3 9]
c= 3024000
[4 4 1 5 7 2 2 1 5 5 3 9 7]
c= 10584000
[4 1 5 7 2 2 1 5 5 3 9 7 5]
c= 13230000
[1 5 7 2 2 1 5 5 3 9 7 5 3]
c= 9922500
[5 7 2 2 1 5 5 3 9 7 5 3 6]
c= 59535000
[7 2 2 1 5 5 3 9 7 5 3 6 9]
c= 107163000
[2 2 1 5 5 3 9 7 5 3 6 9 7]
c= 107163000
[2 1 5 5 3 9 7 5 3 6 9 7 8]
c= 428652000
[1 5 5 3 9 7 5 3 6 9 7 8 1]
c= 214326000
[5 5 3 9 7 5 3 6 9 7 8 1 7]
c= 1500282000
[5 3 9 7 5 3 6 9 7 8 1 7 9]
c= -1594459696
[3 9 7 5 3 6 9 7 8 1 7 9 7]
c= -514256656
[9 7 5 3 6 9 7 8 1 7 9 7 7]
c= 231723568
[7 5 3 6 9 7 8 1 7 9 7 7 8]
c= -748460672
[5 3 6 9 7 8 1 7 9 7 7 8 4]
c= 185874944
[3 6 9 7 8 1 7 9 7 7 8 4 6]
c= 1082043392
[6 9 7 8 1 7 9 7 7 8 4 6 1]
c= 1792336896
[9 7 8 1 7 9 7 7 8 4 6 1 7]
c= 2091059712
new record! 2091059712
[7 8 1 7 9 7 7 8 4 6 1 7 4]
c= 929359872
[8 1 7 9 7 7 8 4 6 1 7 4 0]
c= 0
[1 7 9 7 7 8 4 6 1 7 4 0 6]
c= 0
[7 9 7 7 8 4 6 1 7 4 0 6 4]
c= 0
[9 7 7 8 4 6 1 7 4 0 6 4 9]
c= 0
[7 7 8 4 6 1 7 4 0 6 4 9 5]
c= 0
[7 8 4 6 1 7 4 0 6 4 9 5 5]
c= 0
[8 4 6 1 7 4 0 6 4 9 5 5 1]
c= 0
[4 6 1 7 4 0 6 4 9 5 5 1 4]
c= 0
[6 1 7 4 0 6 4 9 5 5 1 4 9]
c= 0
[1 7 4 0 6 4 9 5 5 1 4 9 2]
c= 0
[7 4 0 6 4 9 5 5 1 4 9 2 9]
c= 0
[4 0 6 4 9 5 5 1 4 9 2 9 0]
c= 0
[0 6 4 9 5 5 1 4 9 2 9 0 8]
c= 0
[6 4 9 5 5 1 4 9 2 9 0 8 6]
c= 0
[4 9 5 5 1 4 9 2 9 0 8 6 2]
c= 0
[9 5 5 1 4 9 2 9 0 8 6 2 5]
c= 0
[5 5 1 4 9 2 9 0 8 6 2 5 6]
c= 0
[5 1 4 9 2 9 0 8 6 2 5 6 9]
c= 0
[1 4 9 2 9 0 8 6 2 5 6 9 3]
c= 0
[4 9 2 9 0 8 6 2 5 6 9 3 2]
c= 0
[9 2 9 0 8 6 2 5 6 9 3 2 1]
c= 0
[2 9 0 8 6 2 5 6 9 3 2 1 9]
c= 0
[9 0 8 6 2 5 6 9 3 2 1 9 7]
c= 0
[0 8 6 2 5 6 9 3 2 1 9 7 8]
c= 0
[8 6 2 5 6 9 3 2 1 9 7 8 4]
c= 313528320
[6 2 5 6 9 3 2 1 9 7 8 4 6]
c= 235146240
[2 5 6 9 3 2 1 9 7 8 4 6 8]
c= 313528320
[5 6 9 3 2 1 9 7 8 4 6 8 6]
c= 940584960
[6 9 3 2 1 9 7 8 4 6 8 6 2]
c= 376233984
[9 3 2 1 9 7 8 4 6 8 6 2 2]
c= 125411328
[3 2 1 9 7 8 4 6 8 6 2 2 4]
c= 55738368
[2 1 9 7 8 4 6 8 6 2 2 4 8]
c= 148635648
[1 9 7 8 4 6 8 6 2 2 4 8 2]
c= 148635648
[9 7 8 4 6 8 6 2 2 4 8 2 8]
c= 1189085184
[7 8 4 6 8 6 2 2 4 8 2 8 3]
c= 396361728
[8 4 6 8 6 2 2 4 8 2 8 3 9]
c= 509607936
[4 6 8 6 2 2 4 8 2 8 3 9 7]
c= 445906944
[6 8 6 2 2 4 8 2 8 3 9 7 2]
c= 222953472
[8 6 2 2 4 8 2 8 3 9 7 2 2]
c= 74317824
[6 2 2 4 8 2 8 3 9 7 2 2 4]
c= 37158912
[2 2 4 8 2 8 3 9 7 2 2 4 1]
c= 6193152
[2 4 8 2 8 3 9 7 2 2 4 1 3]
c= 9289728
[4 8 2 8 3 9 7 2 2 4 1 3 7]
c= 32514048
[8 2 8 3 9 7 2 2 4 1 3 7 5]
c= 40642560
[2 8 3 9 7 2 2 4 1 3 7 5 6]
c= 30481920
[8 3 9 7 2 2 4 1 3 7 5 6 5]
c= 76204800
[3 9 7 2 2 4 1 3 7 5 6 5 7]
c= 66679200
[9 7 2 2 4 1 3 7 5 6 5 7 0]
c= 0
[7 2 2 4 1 3 7 5 6 5 7 0 5]
c= 0
[2 2 4 1 3 7 5 6 5 7 0 5 6]
c= 0
[2 4 1 3 7 5 6 5 7 0 5 6 0]
c= 0
[4 1 3 7 5 6 5 7 0 5 6 0 5]
c= 0
[1 3 7 5 6 5 7 0 5 6 0 5 7]
c= 0
[3 7 5 6 5 7 0 5 6 0 5 7 4]
c= 0
[7 5 6 5 7 0 5 6 0 5 7 4 9]
c= 0
[5 6 5 7 0 5 6 0 5 7 4 9 0]
c= 0
[6 5 7 0 5 6 0 5 7 4 9 0 2]
c= 0
[5 7 0 5 6 0 5 7 4 9 0 2 6]
c= 0
[7 0 5 6 0 5 7 4 9 0 2 6 1]
c= 0
[0 5 6 0 5 7 4 9 0 2 6 1 4]
c= 0
[5 6 0 5 7 4 9 0 2 6 1 4 0]
c= 0
[6 0 5 7 4 9 0 2 6 1 4 0 7]
c= 0
[0 5 7 4 9 0 2 6 1 4 0 7 9]
c= 0
[5 7 4 9 0 2 6 1 4 0 7 9 7]
c= 0
[7 4 9 0 2 6 1 4 0 7 9 7 2]
c= 0
[4 9 0 2 6 1 4 0 7 9 7 2 9]
c= 0
[9 0 2 6 1 4 0 7 9 7 2 9 6]
c= 0
[0 2 6 1 4 0 7 9 7 2 9 6 8]
c= 0
[2 6 1 4 0 7 9 7 2 9 6 8 6]
c= 0
[6 1 4 0 7 9 7 2 9 6 8 6 5]
c= 0
[1 4 0 7 9 7 2 9 6 8 6 5 2]
c= 0
[4 0 7 9 7 2 9 6 8 6 5 2 4]
c= 0
[0 7 9 7 2 9 6 8 6 5 2 4 1]
c= 0
[7 9 7 2 9 6 8 6 5 2 4 1 4]
c= 365783040
[9 7 2 9 6 8 6 5 2 4 1 4 5]
c= 261273600
[7 2 9 6 8 6 5 2 4 1 4 5 3]
c= 87091200
[2 9 6 8 6 5 2 4 1 4 5 3 5]
c= 62208000
[9 6 8 6 5 2 4 1 4 5 3 5 1]
c= 31104000
[6 8 6 5 2 4 1 4 5 3 5 1 0]
c= 0
[8 6 5 2 4 1 4 5 3 5 1 0 0]
c= 0
[6 5 2 4 1 4 5 3 5 1 0 0 4]
c= 0
[5 2 4 1 4 5 3 5 1 0 0 4 7]
c= 0
[2 4 1 4 5 3 5 1 0 0 4 7 4]
c= 0
[4 1 4 5 3 5 1 0 0 4 7 4 8]
c= 0
[1 4 5 3 5 1 0 0 4 7 4 8 2]
c= 0
[4 5 3 5 1 0 0 4 7 4 8 2 1]
c= 0
[5 3 5 1 0 0 4 7 4 8 2 1 6]
c= 0
[3 5 1 0 0 4 7 4 8 2 1 6 6]
c= 0
[5 1 0 0 4 7 4 8 2 1 6 6 3]
c= 0
[1 0 0 4 7 4 8 2 1 6 6 3 7]
c= 0
[0 0 4 7 4 8 2 1 6 6 3 7 0]
c= 0
[0 4 7 4 8 2 1 6 6 3 7 0 4]
c= 0
[4 7 4 8 2 1 6 6 3 7 0 4 8]
c= 0
[7 4 8 2 1 6 6 3 7 0 4 8 4]
c= 0
[4 8 2 1 6 6 3 7 0 4 8 4 4]
c= 0
[8 2 1 6 6 3 7 0 4 8 4 4 0]
c= 0
[2 1 6 6 3 7 0 4 8 4 4 0 3]
c= 0
[1 6 6 3 7 0 4 8 4 4 0 3 1]
c= 0
[6 6 3 7 0 4 8 4 4 0 3 1 9]
c= 0
[6 3 7 0 4 8 4 4 0 3 1 9 9]
c= 0
[3 7 0 4 8 4 4 0 3 1 9 9 8]
c= 0
[7 0 4 8 4 4 0 3 1 9 9 8 9]
c= 0
[0 4 8 4 4 0 3 1 9 9 8 9 0]
c= 0
[4 8 4 4 0 3 1 9 9 8 9 0 0]
c= 0
[8 4 4 0 3 1 9 9 8 9 0 0 0]
c= 0
[4 4 0 3 1 9 9 8 9 0 0 0 8]
c= 0
[4 0 3 1 9 9 8 9 0 0 0 8 8]
c= 0
[0 3 1 9 9 8 9 0 0 0 8 8 9]
c= 0
[3 1 9 9 8 9 0 0 0 8 8 9 5]
c= 0
[1 9 9 8 9 0 0 0 8 8 9 5 2]
c= 0
[9 9 8 9 0 0 0 8 8 9 5 2 4]
c= 0
[9 8 9 0 0 0 8 8 9 5 2 4 3]
c= 0
[8 9 0 0 0 8 8 9 5 2 4 3 4]
c= 0
[9 0 0 0 8 8 9 5 2 4 3 4 5]
c= 0
[0 0 0 8 8 9 5 2 4 3 4 5 0]
c= 0
[0 0 8 8 9 5 2 4 3 4 5 0 6]
c= 0
[0 8 8 9 5 2 4 3 4 5 0 6 5]
c= 0
[8 8 9 5 2 4 3 4 5 0 6 5 8]
c= 0
[8 9 5 2 4 3 4 5 0 6 5 8 5]
c= 0
[9 5 2 4 3 4 5 0 6 5 8 5 4]
c= 0
[5 2 4 3 4 5 0 6 5 8 5 4 1]
c= 0
[2 4 3 4 5 0 6 5 8 5 4 1 2]
c= 0
[4 3 4 5 0 6 5 8 5 4 1 2 2]
c= 0
[3 4 5 0 6 5 8 5 4 1 2 2 7]
c= 0
[4 5 0 6 5 8 5 4 1 2 2 7 5]
c= 0
[5 0 6 5 8 5 4 1 2 2 7 5 8]
c= 0
[0 6 5 8 5 4 1 2 2 7 5 8 8]
c= 0
[6 5 8 5 4 1 2 2 7 5 8 8 6]
c= 258048000
[5 8 5 4 1 2 2 7 5 8 8 6 6]
c= 258048000
[8 5 4 1 2 2 7 5 8 8 6 6 6]
c= 309657600
[5 4 1 2 2 7 5 8 8 6 6 6 8]
c= 309657600
[4 1 2 2 7 5 8 8 6 6 6 8 8]
c= 495452160
[1 2 2 7 5 8 8 6 6 6 8 8 1]
c= 123863040
[2 2 7 5 8 8 6 6 6 8 8 1 1]
c= 123863040
[2 7 5 8 8 6 6 6 8 8 1 1 6]
c= 371589120
[7 5 8 8 6 6 6 8 8 1 1 6 4]
c= 743178240
[5 8 8 6 6 6 8 8 1 1 6 4 2]
c= 212336640
[8 8 6 6 6 8 8 1 1 6 4 2 7]
c= 297271296
[8 6 6 6 8 8 1 1 6 4 2 7 1]
c= 37158912
[6 6 6 8 8 1 1 6 4 2 7 1 7]
c= 32514048
[6 6 8 8 1 1 6 4 2 7 1 7 1]
c= 5419008
[6 8 8 1 1 6 4 2 7 1 7 1 4]
c= 3612672
[8 8 1 1 6 4 2 7 1 7 1 4 7]
c= 4214784
[8 1 1 6 4 2 7 1 7 1 4 7 9]
c= 4741632
[1 1 6 4 2 7 1 7 1 4 7 9 9]
c= 5334336
[1 6 4 2 7 1 7 1 4 7 9 9 2]
c= 10668672
[6 4 2 7 1 7 1 4 7 9 9 2 4]
c= 42674688
[4 2 7 1 7 1 4 7 9 9 2 4 4]
c= 28449792
[2 7 1 7 1 4 7 9 9 2 4 4 4]
c= 28449792
[7 1 7 1 4 7 9 9 2 4 4 4 2]
c= 28449792
[1 7 1 4 7 9 9 2 4 4 4 2 9]
c= 36578304
[7 1 4 7 9 9 2 4 4 4 2 9 2]
c= 73156608
[1 4 7 9 9 2 4 4 4 2 9 2 8]
c= 83607552
[4 7 9 9 2 4 4 4 2 9 2 8 2]
c= 167215104
[7 9 9 2 4 4 4 2 9 2 8 2 3]
c= 125411328
[9 9 2 4 4 4 2 9 2 8 2 3 0]
c= 0
[9 2 4 4 4 2 9 2 8 2 3 0 8]
c= 0
[2 4 4 4 2 9 2 8 2 3 0 8 6]
c= 0
[4 4 4 2 9 2 8 2 3 0 8 6 3]
c= 0
[4 4 2 9 2 8 2 3 0 8 6 3 4]
c= 0
[4 2 9 2 8 2 3 0 8 6 3 4 6]
c= 0
[2 9 2 8 2 3 0 8 6 3 4 6 5]
c= 0
[9 2 8 2 3 0 8 6 3 4 6 5 6]
c= 0
[2 8 2 3 0 8 6 3 4 6 5 6 7]
c= 0
[8 2 3 0 8 6 3 4 6 5 6 7 4]
c= 0
[2 3 0 8 6 3 4 6 5 6 7 4 8]
c= 0
[3 0 8 6 3 4 6 5 6 7 4 8 1]
c= 0
[0 8 6 3 4 6 5 6 7 4 8 1 3]
c= 0
[8 6 3 4 6 5 6 7 4 8 1 3 9]
c= 627056640
[6 3 4 6 5 6 7 4 8 1 3 9 1]
c= 78382080
[3 4 6 5 6 7 4 8 1 3 9 1 9]
c= 117573120
[4 6 5 6 7 4 8 1 3 9 1 9 1]
c= 39191040
[6 5 6 7 4 8 1 3 9 1 9 1 2]
c= 19595520
[5 6 7 4 8 1 3 9 1 9 1 2 3]
c= 9797760
[6 7 4 8 1 3 9 1 9 1 2 3 1]
c= 1959552
[7 4 8 1 3 9 1 9 1 2 3 1 6]
c= 1959552
[4 8 1 3 9 1 9 1 2 3 1 6 2]
c= 559872
[8 1 3 9 1 9 1 2 3 1 6 2 8]
c= 1119744
[1 3 9 1 9 1 2 3 1 6 2 8 2]
c= 279936
[3 9 1 9 1 2 3 1 6 2 8 2 4]
c= 1119744
[9 1 9 1 2 3 1 6 2 8 2 4 5]
c= 1866240
[1 9 1 2 3 1 6 2 8 2 4 5 8]
c= 1658880
[9 1 2 3 1 6 2 8 2 4 5 8 6]
c= 9953280
[1 2 3 1 6 2 8 2 4 5 8 6 1]
c= 1105920
[2 3 1 6 2 8 2 4 5 8 6 1 7]
c= 7741440
[3 1 6 2 8 2 4 5 8 6 1 7 8]
c= 30965760
[1 6 2 8 2 4 5 8 6 1 7 8 6]
c= 61931520
[6 2 8 2 4 5 8 6 1 7 8 6 6]
c= 371589120
[2 8 2 4 5 8 6 1 7 8 6 6 4]
c= 247726080
[8 2 4 5 8 6 1 7 8 6 6 4 5]
c= 619315200
[2 4 5 8 6 1 7 8 6 6 4 5 8]
c= 619315200
[4 5 8 6 1 7 8 6 6 4 5 8 3]
c= 928972800
[5 8 6 1 7 8 6 6 4 5 8 3 5]
c= 1161216000
[8 6 1 7 8 6 6 4 5 8 3 5 9]
c= 2090188800
[6 1 7 8 6 6 4 5 8 3 5 9 1]
c= 261273600
[1 7 8 6 6 4 5 8 3 5 9 1 2]
c= 87091200
[7 8 6 6 4 5 8 3 5 9 1 2 4]
c= 348364800
[8 6 6 4 5 8 3 5 9 1 2 4 5]
c= 248832000
[6 6 4 5 8 3 5 9 1 2 4 5 6]
c= 186624000
[6 4 5 8 3 5 9 1 2 4 5 6 6]
c= 186624000
[4 5 8 3 5 9 1 2 4 5 6 6 5]
c= 155520000
[5 8 3 5 9 1 2 4 5 6 6 5 2]
c= 77760000
[8 3 5 9 1 2 4 5 6 6 5 2 9]
c= 139968000
[3 5 9 1 2 4 5 6 6 5 2 9 4]
c= 69984000
[5 9 1 2 4 5 6 6 5 2 9 4 7]
c= 163296000
[9 1 2 4 5 6 6 5 2 9 4 7 6]
c= 195955200
[1 2 4 5 6 6 5 2 9 4 7 6 5]
c= 108864000
[2 4 5 6 6 5 2 9 4 7 6 5 4]
c= 435456000
[4 5 6 6 5 2 9 4 7 6 5 4 5]
c= 1088640000
[5 6 6 5 2 9 4 7 6 5 4 5 6]
c= 1632960000
[6 6 5 2 9 4 7 6 5 4 5 6 8]
c= -1682231296
[6 5 2 9 4 7 6 5 4 5 6 8 2]
c= 870912000
[5 2 9 4 7 6 5 4 5 6 8 2 8]
c= 1161216000
[2 9 4 7 6 5 4 5 6 8 2 8 4]
c= 928972800
[9 4 7 6 5 4 5 6 8 2 8 4 8]
c= -579076096
[4 7 6 5 4 5 6 8 2 8 4 8 9]
c= -579076096
[7 6 5 4 5 6 8 2 8 4 8 9 1]
c= 928972800
[6 5 4 5 6 8 2 8 4 8 9 1 2]
c= 265420800
[5 4 5 6 8 2 8 4 8 9 1 2 8]
c= 353894400
[4 5 6 8 2 8 4 8 9 1 2 8 8]
c= 566231040
[5 6 8 2 8 4 8 9 1 2 8 8 3]
c= 424673280
[6 8 2 8 4 8 9 1 2 8 8 3 1]
c= 84934656
[8 2 8 4 8 9 1 2 8 8 3 1 4]
c= 56623104
[2 8 4 8 9 1 2 8 8 3 1 4 2]
c= 14155776
[8 4 8 9 1 2 8 8 3 1 4 2 6]
c= 42467328
[4 8 9 1 2 8 8 3 1 4 2 6 0]
c= 0
[8 9 1 2 8 8 3 1 4 2 6 0 7]
c= 0
[9 1 2 8 8 3 1 4 2 6 0 7 6]
c= 0
[1 2 8 8 3 1 4 2 6 0 7 6 9]
c= 0
[2 8 8 3 1 4 2 6 0 7 6 9 0]
c= 0
[8 8 3 1 4 2 6 0 7 6 9 0 0]
c= 0
[8 3 1 4 2 6 0 7 6 9 0 0 4]
c= 0
[3 1 4 2 6 0 7 6 9 0 0 4 2]
c= 0
[1 4 2 6 0 7 6 9 0 0 4 2 2]
c= 0
[4 2 6 0 7 6 9 0 0 4 2 2 4]
c= 0
[2 6 0 7 6 9 0 0 4 2 2 4 2]
c= 0
[6 0 7 6 9 0 0 4 2 2 4 2 1]
c= 0
[0 7 6 9 0 0 4 2 2 4 2 1 9]
c= 0
[7 6 9 0 0 4 2 2 4 2 1 9 0]
c= 0
[6 9 0 0 4 2 2 4 2 1 9 0 2]
c= 0
[9 0 0 4 2 2 4 2 1 9 0 2 2]
c= 0
[0 0 4 2 2 4 2 1 9 0 2 2 6]
c= 0
[0 4 2 2 4 2 1 9 0 2 2 6 7]
c= 0
[4 2 2 4 2 1 9 0 2 2 6 7 1]
c= 0
[2 2 4 2 1 9 0 2 2 6 7 1 0]
c= 0
[2 4 2 1 9 0 2 2 6 7 1 0 5]
c= 0
[4 2 1 9 0 2 2 6 7 1 0 5 5]
c= 0
[2 1 9 0 2 2 6 7 1 0 5 5 6]
c= 0
[1 9 0 2 2 6 7 1 0 5 5 6 2]
c= 0
[9 0 2 2 6 7 1 0 5 5 6 2 6]
c= 0
[0 2 2 6 7 1 0 5 5 6 2 6 3]
c= 0
[2 2 6 7 1 0 5 5 6 2 6 3 2]
c= 0
[2 6 7 1 0 5 5 6 2 6 3 2 1]
c= 0
[6 7 1 0 5 5 6 2 6 3 2 1 1]
c= 0
[7 1 0 5 5 6 2 6 3 2 1 1 1]
c= 0
[1 0 5 5 6 2 6 3 2 1 1 1 1]
c= 0
[0 5 5 6 2 6 3 2 1 1 1 1 1]
c= 0
[5 5 6 2 6 3 2 1 1 1 1 1 0]
c= 0
[5 6 2 6 3 2 1 1 1 1 1 0 9]
c= 0
[6 2 6 3 2 1 1 1 1 1 0 9 3]
c= 0
[2 6 3 2 1 1 1 1 1 0 9 3 7]
c= 0
[6 3 2 1 1 1 1 1 0 9 3 7 0]
c= 0
[3 2 1 1 1 1 1 0 9 3 7 0 5]
c= 0
[2 1 1 1 1 1 0 9 3 7 0 5 4]
c= 0
[1 1 1 1 1 0 9 3 7 0 5 4 4]
c= 0
[1 1 1 1 0 9 3 7 0 5 4 4 2]
c= 0
[1 1 1 0 9 3 7 0 5 4 4 2 1]
c= 0
[1 1 0 9 3 7 0 5 4 4 2 1 7]
c= 0
[1 0 9 3 7 0 5 4 4 2 1 7 5]
c= 0
[0 9 3 7 0 5 4 4 2 1 7 5 0]
c= 0
[9 3 7 0 5 4 4 2 1 7 5 0 6]
c= 0
[3 7 0 5 4 4 2 1 7 5 0 6 9]
c= 0
[7 0 5 4 4 2 1 7 5 0 6 9 4]
c= 0
[0 5 4 4 2 1 7 5 0 6 9 4 1]
c= 0
[5 4 4 2 1 7 5 0 6 9 4 1 6]
c= 0
[4 4 2 1 7 5 0 6 9 4 1 6 5]
c= 0
[4 2 1 7 5 0 6 9 4 1 6 5 8]
c= 0
[2 1 7 5 0 6 9 4 1 6 5 8 9]
c= 0
[1 7 5 0 6 9 4 1 6 5 8 9 6]
c= 0
[7 5 0 6 9 4 1 6 5 8 9 6 0]
c= 0
[5 0 6 9 4 1 6 5 8 9 6 0 4]
c= 0
[0 6 9 4 1 6 5 8 9 6 0 4 0]
c= 0
[6 9 4 1 6 5 8 9 6 0 4 0 8]
c= 0
[9 4 1 6 5 8 9 6 0 4 0 8 0]
c= 0
[4 1 6 5 8 9 6 0 4 0 8 0 7]
c= 0
[1 6 5 8 9 6 0 4 0 8 0 7 1]
c= 0
[6 5 8 9 6 0 4 0 8 0 7 1 9]
c= 0
[5 8 9 6 0 4 0 8 0 7 1 9 8]
c= 0
[8 9 6 0 4 0 8 0 7 1 9 8 4]
c= 0
[9 6 0 4 0 8 0 7 1 9 8 4 0]
c= 0
[6 0 4 0 8 0 7 1 9 8 4 0 3]
c= 0
[0 4 0 8 0 7 1 9 8 4 0 3 8]
c= 0
[4 0 8 0 7 1 9 8 4 0 3 8 5]
c= 0
[0 8 0 7 1 9 8 4 0 3 8 5 0]
c= 0
[8 0 7 1 9 8 4 0 3 8 5 0 9]
c= 0
[0 7 1 9 8 4 0 3 8 5 0 9 6]
c= 0
[7 1 9 8 4 0 3 8 5 0 9 6 2]
c= 0
[1 9 8 4 0 3 8 5 0 9 6 2 4]
c= 0
[9 8 4 0 3 8 5 0 9 6 2 4 5]
c= 0
[8 4 0 3 8 5 0 9 6 2 4 5 5]
c= 0
[4 0 3 8 5 0 9 6 2 4 5 5 4]
c= 0
[0 3 8 5 0 9 6 2 4 5 5 4 4]
c= 0
[3 8 5 0 9 6 2 4 5 5 4 4 4]
c= 0
[8 5 0 9 6 2 4 5 5 4 4 4 3]
c= 0
[5 0 9 6 2 4 5 5 4 4 4 3 6]
c= 0
[0 9 6 2 4 5 5 4 4 4 3 6 2]
c= 0
[9 6 2 4 5 5 4 4 4 3 6 2 9]
c= 223948800
[6 2 4 5 5 4 4 4 3 6 2 9 8]
c= 199065600
[2 4 5 5 4 4 4 3 6 2 9 8 1]
c= 33177600
[4 5 5 4 4 4 3 6 2 9 8 1 2]
c= 33177600
[5 5 4 4 4 3 6 2 9 8 1 2 3]
c= 24883200
[5 4 4 4 3 6 2 9 8 1 2 3 0]
c= 0
[4 4 4 3 6 2 9 8 1 2 3 0 9]
c= 0
[4 4 3 6 2 9 8 1 2 3 0 9 8]
c= 0
[4 3 6 2 9 8 1 2 3 0 9 8 7]
c= 0
[3 6 2 9 8 1 2 3 0 9 8 7 8]
c= 0
[6 2 9 8 1 2 3 0 9 8 7 8 7]
c= 0
[2 9 8 1 2 3 0 9 8 7 8 7 9]
c= 0
[9 8 1 2 3 0 9 8 7 8 7 9 9]
c= 0
[8 1 2 3 0 9 8 7 8 7 9 9 2]
c= 0
[1 2 3 0 9 8 7 8 7 9 9 2 7]
c= 0
[2 3 0 9 8 7 8 7 9 9 2 7 2]
c= 0
[3 0 9 8 7 8 7 9 9 2 7 2 4]
c= 0
[0 9 8 7 8 7 9 9 2 7 2 4 4]
c= 0
[9 8 7 8 7 9 9 2 7 2 4 4 2]
c= 2048385024
[8 7 8 7 9 9 2 7 2 4 4 2 8]
c= 1820786688
[7 8 7 9 9 2 7 2 4 4 2 8 4]
c= 910393344
[8 7 9 9 2 7 2 4 4 2 8 4 9]
c= 1170505728
[7 9 9 2 7 2 4 4 2 8 4 9 0]
c= 0
[9 9 2 7 2 4 4 2 8 4 9 0 9]
c= 0
[9 2 7 2 4 4 2 8 4 9 0 9 1]
c= 0
[2 7 2 4 4 2 8 4 9 0 9 1 8]
c= 0
[7 2 4 4 2 8 4 9 0 9 1 8 8]
c= 0
[2 4 4 2 8 4 9 0 9 1 8 8 8]
c= 0
[4 4 2 8 4 9 0 9 1 8 8 8 4]
c= 0
[4 2 8 4 9 0 9 1 8 8 8 4 5]
c= 0
[2 8 4 9 0 9 1 8 8 8 4 5 8]
c= 0
[8 4 9 0 9 1 8 8 8 4 5 8 0]
c= 0
[4 9 0 9 1 8 8 8 4 5 8 0 1]
c= 0
[9 0 9 1 8 8 8 4 5 8 0 1 5]
c= 0
[0 9 1 8 8 8 4 5 8 0 1 5 6]
c= 0
[9 1 8 8 8 4 5 8 0 1 5 6 1]
c= 0
[1 8 8 8 4 5 8 0 1 5 6 1 6]
c= 0
[8 8 8 4 5 8 0 1 5 6 1 6 6]
c= 0
[8 8 4 5 8 0 1 5 6 1 6 6 0]
c= 0
[8 4 5 8 0 1 5 6 1 6 6 0 9]
c= 0
[4 5 8 0 1 5 6 1 6 6 0 9 7]
c= 0
[5 8 0 1 5 6 1 6 6 0 9 7 9]
c= 0
[8 0 1 5 6 1 6 6 0 9 7 9 1]
c= 0
[0 1 5 6 1 6 6 0 9 7 9 1 9]
c= 0
[1 5 6 1 6 6 0 9 7 9 1 9 1]
c= 0
[5 6 1 6 6 0 9 7 9 1 9 1 3]
c= 0
[6 1 6 6 0 9 7 9 1 9 1 3 3]
c= 0
[1 6 6 0 9 7 9 1 9 1 3 3 8]
c= 0
[6 6 0 9 7 9 1 9 1 3 3 8 7]
c= 0
[6 0 9 7 9 1 9 1 3 3 8 7 5]
c= 0
[0 9 7 9 1 9 1 3 3 8 7 5 4]
c= 0
[9 7 9 1 9 1 3 3 8 7 5 4 9]
c= 462944160
[7 9 1 9 1 3 3 8 7 5 4 9 9]
c= 462944160
[9 1 9 1 3 3 8 7 5 4 9 9 2]
c= 132269760
[1 9 1 3 3 8 7 5 4 9 9 2 0]
c= 0
[9 1 3 3 8 7 5 4 9 9 2 0 0]
c= 0
[1 3 3 8 7 5 4 9 9 2 0 0 5]
c= 0
[3 3 8 7 5 4 9 9 2 0 0 5 2]
c= 0
[3 8 7 5 4 9 9 2 0 0 5 2 4]
c= 0
[8 7 5 4 9 9 2 0 0 5 2 4 0]
c= 0
[7 5 4 9 9 2 0 0 5 2 4 0 6]
c= 0
[5 4 9 9 2 0 0 5 2 4 0 6 3]
c= 0
[4 9 9 2 0 0 5 2 4 0 6 3 6]
c= 0
[9 9 2 0 0 5 2 4 0 6 3 6 8]
c= 0
[9 2 0 0 5 2 4 0 6 3 6 8 9]
c= 0
[2 0 0 5 2 4 0 6 3 6 8 9 9]
c= 0
[0 0 5 2 4 0 6 3 6 8 9 9 1]
c= 0
[0 5 2 4 0 6 3 6 8 9 9 1 2]
c= 0
[5 2 4 0 6 3 6 8 9 9 1 2 5]
c= 0
[2 4 0 6 3 6 8 9 9 1 2 5 6]
c= 0
[4 0 6 3 6 8 9 9 1 2 5 6 0]
c= 0
[0 6 3 6 8 9 9 1 2 5 6 0 7]
c= 0
[6 3 6 8 9 9 1 2 5 6 0 7 1]
c= 0
[3 6 8 9 9 1 2 5 6 0 7 1 7]
c= 0
[6 8 9 9 1 2 5 6 0 7 1 7 6]
c= 0
[8 9 9 1 2 5 6 0 7 1 7 6 0]
c= 0
[9 9 1 2 5 6 0 7 1 7 6 0 6]
c= 0
[9 1 2 5 6 0 7 1 7 6 0 6 0]
c= 0
[1 2 5 6 0 7 1 7 6 0 6 0 5]
c= 0
[2 5 6 0 7 1 7 6 0 6 0 5 8]
c= 0
[5 6 0 7 1 7 6 0 6 0 5 8 8]
c= 0
[6 0 7 1 7 6 0 6 0 5 8 8 6]
c= 0
[0 7 1 7 6 0 6 0 5 8 8 6 1]
c= 0
[7 1 7 6 0 6 0 5 8 8 6 1 1]
c= 0
[1 7 6 0 6 0 5 8 8 6 1 1 6]
c= 0
[7 6 0 6 0 5 8 8 6 1 1 6 4]
c= 0
[6 0 6 0 5 8 8 6 1 1 6 4 6]
c= 0
[0 6 0 5 8 8 6 1 1 6 4 6 7]
c= 0
[6 0 5 8 8 6 1 1 6 4 6 7 1]
c= 0
[0 5 8 8 6 1 1 6 4 6 7 1 0]
c= 0
[5 8 8 6 1 1 6 4 6 7 1 0 9]
c= 0
[8 8 6 1 1 6 4 6 7 1 0 9 4]
c= 0
[8 6 1 1 6 4 6 7 1 0 9 4 0]
c= 0
[6 1 1 6 4 6 7 1 0 9 4 0 5]
c= 0
[1 1 6 4 6 7 1 0 9 4 0 5 0]
c= 0
[1 6 4 6 7 1 0 9 4 0 5 0 7]
c= 0
[6 4 6 7 1 0 9 4 0 5 0 7 7]
c= 0
[4 6 7 1 0 9 4 0 5 0 7 7 5]
c= 0
[6 7 1 0 9 4 0 5 0 7 7 5 4]
c= 0
[7 1 0 9 4 0 5 0 7 7 5 4 1]
c= 0
[1 0 9 4 0 5 0 7 7 5 4 1 0]
c= 0
[0 9 4 0 5 0 7 7 5 4 1 0 0]
c= 0
[9 4 0 5 0 7 7 5 4 1 0 0 2]
c= 0
[4 0 5 0 7 7 5 4 1 0 0 2 2]
c= 0
[0 5 0 7 7 5 4 1 0 0 2 2 5]
c= 0
[5 0 7 7 5 4 1 0 0 2 2 5 6]
c= 0
[0 7 7 5 4 1 0 0 2 2 5 6 9]
c= 0
[7 7 5 4 1 0 0 2 2 5 6 9 8]
c= 0
[7 5 4 1 0 0 2 2 5 6 9 8 3]
c= 0
[5 4 1 0 0 2 2 5 6 9 8 3 1]
c= 0
[4 1 0 0 2 2 5 6 9 8 3 1 5]
c= 0
[1 0 0 2 2 5 6 9 8 3 1 5 5]
c= 0
[0 0 2 2 5 6 9 8 3 1 5 5 2]
c= 0
[0 2 2 5 6 9 8 3 1 5 5 2 0]
c= 0
[2 2 5 6 9 8 3 1 5 5 2 0 0]
c= 0
[2 5 6 9 8 3 1 5 5 2 0 0 0]
c= 0
[5 6 9 8 3 1 5 5 2 0 0 0 5]
c= 0
[6 9 8 3 1 5 5 2 0 0 0 5 5]
c= 0
[9 8 3 1 5 5 2 0 0 0 5 5 9]
c= 0
[8 3 1 5 5 2 0 0 0 5 5 9 3]
c= 0
[3 1 5 5 2 0 0 0 5 5 9 3 5]
c= 0
[1 5 5 2 0 0 0 5 5 9 3 5 7]
c= 0
[5 5 2 0 0 0 5 5 9 3 5 7 2]
c= 0
[5 2 0 0 0 5 5 9 3 5 7 2 9]
c= 0
[2 0 0 0 5 5 9 3 5 7 2 9 7]
c= 0
[0 0 0 5 5 9 3 5 7 2 9 7 2]
c= 0
[0 0 5 5 9 3 5 7 2 9 7 2 5]
c= 0
[0 5 5 9 3 5 7 2 9 7 2 5 7]
c= 0
[5 5 9 3 5 7 2 9 7 2 5 7 1]
c= 208372500
[5 9 3 5 7 2 9 7 2 5 7 1 6]
c= 250047000
[9 3 5 7 2 9 7 2 5 7 1 6 3]
c= 150028200
[3 5 7 2 9 7 2 5 7 1 6 3 6]
c= 100018800
[5 7 2 9 7 2 5 7 1 6 3 6 2]
c= 66679200
[7 2 9 7 2 5 7 1 6 3 6 2 6]
c= 80015040
[2 9 7 2 5 7 1 6 3 6 2 6 9]
c= 102876480
[9 7 2 5 7 1 6 3 6 2 6 9 5]
c= 257191200
[7 2 5 7 1 6 3 6 2 6 9 5 6]
c= 171460800
[2 5 7 1 6 3 6 2 6 9 5 6 1]
c= 24494400
[5 7 1 6 3 6 2 6 9 5 6 1 8]
c= 97977600
[7 1 6 3 6 2 6 9 5 6 1 8 8]
c= 156764160
[1 6 3 6 2 6 9 5 6 1 8 8 2]
c= 44789760
[6 3 6 2 6 9 5 6 1 8 8 2 6]
c= 268738560
[3 6 2 6 9 5 6 1 8 8 2 6 7]
c= 313528320
[6 2 6 9 5 6 1 8 8 2 6 7 0]
c= 0
[2 6 9 5 6 1 8 8 2 6 7 0 4]
c= 0
[6 9 5 6 1 8 8 2 6 7 0 4 2]
c= 0
[9 5 6 1 8 8 2 6 7 0 4 2 8]
c= 0
[5 6 1 8 8 2 6 7 0 4 2 8 2]
c= 0
[6 1 8 8 2 6 7 0 4 2 8 2 5]
c= 0
[1 8 8 2 6 7 0 4 2 8 2 5 2]
c= 0
[8 8 2 6 7 0 4 2 8 2 5 2 4]
c= 0
[8 2 6 7 0 4 2 8 2 5 2 4 8]
c= 0
[2 6 7 0 4 2 8 2 5 2 4 8 3]
c= 0
[6 7 0 4 2 8 2 5 2 4 8 3 6]
c= 0
[7 0 4 2 8 2 5 2 4 8 3 6 0]
c= 0
[0 4 2 8 2 5 2 4 8 3 6 0 0]
c= 0
[4 2 8 2 5 2 4 8 3 6 0 0 8]
c= 0
[2 8 2 5 2 4 8 3 6 0 0 8 2]
c= 0
[8 2 5 2 4 8 3 6 0 0 8 2 3]
c= 0
[2 5 2 4 8 3 6 0 0 8 2 3 2]
c= 0
[5 2 4 8 3 6 0 0 8 2 3 2 5]
c= 0
[2 4 8 3 6 0 0 8 2 3 2 5 7]
c= 0
[4 8 3 6 0 0 8 2 3 2 5 7 5]
c= 0
[8 3 6 0 0 8 2 3 2 5 7 5 3]
c= 0
[3 6 0 0 8 2 3 2 5 7 5 3 0]
c= 0
[6 0 0 8 2 3 2 5 7 5 3 0 4]
c= 0
[0 0 8 2 3 2 5 7 5 3 0 4 2]
c= 0
[0 8 2 3 2 5 7 5 3 0 4 2 0]
c= 0
[8 2 3 2 5 7 5 3 0 4 2 0 7]
c= 0
[2 3 2 5 7 5 3 0 4 2 0 7 5]
c= 0
[3 2 5 7 5 3 0 4 2 0 7 5 2]
c= 0
[2 5 7 5 3 0 4 2 0 7 5 2 9]
c= 0
[5 7 5 3 0 4 2 0 7 5 2 9 6]
c= 0
[7 5 3 0 4 2 0 7 5 2 9 6 3]
c= 0
[5 3 0 4 2 0 7 5 2 9 6 3 4]
c= 0
[3 0 4 2 0 7 5 2 9 6 3 4 5]
c= 0
[0 4 2 0 7 5 2 9 6 3 4 5 0]
c= 0
2091059712
